1.000000000000000000e+00 6.332604156600104769e-03 -9.547223618439987902e+00 -9.547171130331742361e+00
4.410000000000000000e+02 1.453851030270258693e-01 -7.993553353861508448e+00 -6.977311742332001465e+00
9.110000000000000000e+02 2.847160605589548754e-01 -7.979037177712386075e+00 -6.955336917804657126e+00
1.376000000000000000e+03 4.240355827411015910e-01 -7.970494522746915500e+00 -6.942782190685788279e+00
1.813000000000000000e+03 5.649810252587000869e-01 -7.964279487784067690e+00 -6.933814761309988306e+00
2.293000000000000000e+03 7.040784200032551565e-01 -7.958634033696339927e+00 -6.926631879443310602e+00
2.768000000000000000e+03 8.433797132968902099e-01 -7.953834939162221396e+00 -6.920733621437860528e+00
3.261000000000000000e+03 9.825383191638522584e-01 -7.949234967150825781e+00 -6.914828465453906503e+00
3.768000000000000000e+03 1.121872056391504113e+00 -7.945031218744004420e+00 -6.908968451574708070e+00
4.299000000000000000e+03 1.260298456350962271e+00 -7.941028497593845437e+00 -6.903409606240104246e+00
4.852000000000000000e+03 1.399003526104821038e+00 -7.936893217061989247e+00 -6.898024995921649527e+00
5.406000000000000000e+03 1.537997237510151383e+00 -7.933034652549029175e+00 -6.893045379435913667e+00
5.935000000000000000e+03 1.676345737444029815e+00 -7.929941360288768060e+00 -6.889131964351781434e+00
6.477000000000000000e+03 1.815774231354395640e+00 -7.926853768323190330e+00 -6.885150318830511651e+00
7.000000000000000000e+03 1.954040941397348963e+00 -7.923868052015160757e+00 -6.881044607066625574e+00
7.539000000000000000e+03 2.093176115287674666e+00 -7.920964416468986968e+00 -6.877317629962871770e+00
8.075000000000000000e+03 2.231507829692628508e+00 -7.918068867225958485e+00 -6.873599535230607849e+00
8.638000000000000000e+03 2.369932588338851787e+00 -7.915202211642737851e+00 -6.869888115843878040e+00
9.186000000000000000e+03 2.508380862739350903e+00 -7.912488587875140311e+00 -6.866530644078325807e+00
9.743000000000000000e+03 2.648167939119868919e+00 -7.909719187881257163e+00 -6.863011917496343095e+00
1.030500000000000000e+04 2.786880535284677940e+00 -7.907199261785935462e+00 -6.860387102081531907e+00
1.088000000000000000e+04 2.925138730539215803e+00 -7.904846270605487391e+00 -6.857457156313154556e+00
1.140700000000000000e+04 3.066153429415491072e+00 -7.902720671389324991e+00 -6.855403730675353913e+00
1.194200000000000000e+04 3.204399558040830875e+00 -7.900756138286217478e+00 -6.853601791090601303e+00
1.244200000000000000e+04 3.343719403876198815e+00 -7.899047769184320167e+00 -6.852153802271228500e+00
1.300200000000000000e+04 3.482518539693620685e+00 -7.897185042284954548e+00 -6.850480656687108372e+00
1.357500000000000000e+04 3.621090462737613258e+00 -7.895448139950033806e+00 -6.848841781092746217e+00
1.409500000000000000e+04 3.759421463012695419e+00 -7.894083212238658831e+00 -6.847475455878890394e+00
1.467900000000000000e+04 3.897595791618029271e+00 -7.892389461056798616e+00 -6.845756648264949895e+00
1.524100000000000000e+04 4.035812073018815838e+00 -7.890895299592215473e+00 -6.843881173712439647e+00
1.580700000000000000e+04 4.174228008853064331e+00 -7.889454542321427510e+00 -6.841424279031920186e+00
1.636700000000000000e+04 4.312476758890682049e+00 -7.888177619242601857e+00 -6.839811027507300523e+00
1.690300000000000000e+04 4.451327924728393448e+00 -7.887078535886891117e+00 -6.837795730738034372e+00
1.745700000000000000e+04 4.590103750560018625e+00 -7.886133209484837536e+00 -6.835728915232305525e+00
1.802200000000000000e+04 4.728175364997651897e+00 -7.885112226979474670e+00 -6.833629028590912924e+00
1.857800000000000000e+04 4.866386601063940276e+00 -7.884312933669285428e+00 -6.832485372006047442e+00
1.915800000000000000e+04 5.004614158868789353e+00 -7.883753680534912434e+00 -6.831439825475386307e+00
1.970600000000000000e+04 5.142968697481685503e+00 -7.883263782596265479e+00 -6.830794920987333541e+00
2.030200000000000000e+04 5.282018182476361901e+00 -7.882699208939778046e+00 -6.829665393286131980e+00
2.091700000000000000e+04 5.420272943576176949e+00 -7.882077192585006387e+00 -6.829270857988077204e+00
2.153200000000000000e+04 5.558231354157129545e+00 -7.881471156610245110e+00 -6.828611126987189195e+00
2.215100000000000000e+04 5.696358445286750616e+00 -7.880881564061972711e+00 -6.828212024375936551e+00
2.276800000000000000e+04 5.834679565562142400e+00 -7.880208238136440002e+00 -6.827417772088756998e+00
2.339400000000000000e+04 5.972677039172914704e+00 -7.879577235500221377e+00 -6.826577532477659638e+00
2.401900000000000000e+04 6.110745472775565013e+00 -7.878974281652027400e+00 -6.825791453701349099e+00
2.462600000000000000e+04 6.248771219121085352e+00 -7.878297018630894932e+00 -6.824929177480175468e+00
2.518700000000000000e+04 6.386736394696765906e+00 -7.877697342738385622e+00 -6.824085455697146863e+00
2.576400000000000000e+04 6.524622293313344201e+00 -7.877007330876051761e+00 -6.823289288204876790e+00
2.634100000000000000e+04 6.662494236628214495e+00 -7.876381338751034633e+00 -6.822564410752891995e+00
2.690700000000000000e+04 6.801051498850186228e+00 -7.875855515945046292e+00 -6.821779833323133424e+00
2.747800000000000000e+04 6.939063115252388947e+00 -7.875307428636229012e+00 -6.821291397183912864e+00
2.807000000000000000e+04 7.077016333010461402e+00 -7.874726305535137527e+00 -6.820853348569746899e+00
2.866100000000000000e+04 7.215504059129290937e+00 -7.874058847183267318e+00 -6.819971146849240107e+00
2.926500000000000000e+04 7.353939449720912513e+00 -7.873479441734286155e+00 -6.818933034248424896e+00
2.983400000000000000e+04 7.491884525285827046e+00 -7.872813936134119395e+00 -6.817952018979883455e+00
3.044200000000000000e+04 7.629838709698782750e+00 -7.872079549431663104e+00 -6.817486778721090879e+00
3.106900000000000000e+04 7.768294880257712087e+00 -7.871539961418500653e+00 -6.816689434528719005e+00
3.160000000000000000e+04 7.908181529111332431e+00 -7.870952112390506628e+00 -6.816192217446474189e+00
3.220300000000000000e+04 8.046435544689495956e+00 -7.870431360846875890e+00 -6.815352600972067521e+00
3.281300000000000000e+04 8.184321768879890158e+00 -7.869913122495101554e+00 -6.814666490226753304e+00
3.340500000000000000e+04 8.322376736336284608e+00 -7.869464755542391998e+00 -6.814229281198795896e+00
3.400400000000000000e+04 8.460372712479697910e+00 -7.868915432198856585e+00 -6.813109531250041151e+00
3.455600000000000000e+04 8.598354812463124830e+00 -7.868445858856222053e+00 -6.812680877111769284e+00
3.516700000000000000e+04 8.736405230826802537e+00 -7.867890835917022763e+00 -6.812375067885640512e+00
3.572300000000000000e+04 8.874402360253863975e+00 -7.867410865187399516e+00 -6.811623390815603862e+00
3.625100000000000000e+04 9.013172024157311668e+00 -7.867039569747434236e+00 -6.811560551371135475e+00
3.681800000000000000e+04 9.151346570253371837e+00 -7.866563576391703450e+00 -6.810965245346666030e+00
3.740100000000000000e+04 9.289997383024957145e+00 -7.866083092968264801e+00 -6.810083883503279090e+00
3.797900000000000000e+04 9.428756740821732762e+00 -7.865773947605961602e+00 -6.809480317272246452e+00
3.855500000000000000e+04 9.567003881931304576e+00 -7.865511750394098556e+00 -6.809328340904305499e+00
3.916700000000000000e+04 9.705191588335566166e+00 -7.865054858330585041e+00 -6.808645902516212267e+00
3.975300000000000000e+04 9.844232463836670277e+00 -7.864671586316204888e+00 -6.807883458562695722e+00
4.032600000000000000e+04 9.982198229167195791e+00 -7.864225845599078113e+00 -6.807502733777083925e+00
4.080700000000000000e+04 1.012035148554378061e+01 -7.863874905909673529e+00 -6.807009688632983391e+00
4.133200000000000000e+04 1.026058567166328395e+01 -7.863487892721835237e+00 -6.806368961389238414e+00
4.187600000000000000e+04 1.039985167278183908e+01 -7.863122512237398887e+00 -6.805956983327749121e+00
4.246400000000000000e+04 1.053770858830875845e+01 -7.862743999179929055e+00 -6.805526561293127052e+00
4.304300000000000000e+04 1.067639895108010961e+01 -7.862539294929087319e+00 -6.805249019316684134e+00
4.363500000000000000e+04 1.081429551581541659e+01 -7.862331515397402271e+00 -6.804767740963551859e+00
4.424600000000000000e+04 1.095226531081729426e+01 -7.862054988847444470e+00 -6.804293479981951442e+00
4.482900000000000000e+04 1.109027593274911183e+01 -7.861861530726928393e+00 -6.803629169618679917e+00
4.544000000000000000e+04 1.122836303359932408e+01 -7.861460877133269243e+00 -6.803182493372647244e+00
4.603500000000000000e+04 1.136672310027811328e+01 -7.861203408198475628e+00 -6.802539578698569400e+00
4.659300000000000000e+04 1.150699998550944869e+01 -7.860878112462367007e+00 -6.802208137625263440e+00
4.716700000000000000e+04 1.164482121527194991e+01 -7.860623493339289780e+00 -6.802035206646665166e+00
4.773700000000000000e+04 1.178298264053132804e+01 -7.860403485734273943e+00 -6.801835006754822111e+00
4.833500000000000000e+04 1.192162739528550119e+01 -7.860005335683156069e+00 -6.801455349509327952e+00
4.890400000000000000e+04 1.205961737606260442e+01 -7.859685742131903297e+00 -6.801105655523185689e+00
4.949100000000000000e+04 1.219809810916582826e+01 -7.859210237058698922e+00 -6.800732469978532535e+00
5.006100000000000000e+04 1.233589760972393812e+01 -7.858954368072889274e+00 -6.800776521420409004e+00
5.066800000000000000e+04 1.247420536829365645e+01 -7.858592806852428225e+00 -6.800353424659736135e+00
5.128000000000000000e+04 1.261199196219444296e+01 -7.858162935718604913e+00 -6.800117642301360732e+00
5.188100000000000000e+04 1.274980099777380538e+01 -7.857721937903695775e+00 -6.799569681401765209e+00
5.250400000000000000e+04 1.288767873969342936e+01 -7.857371746501836896e+00 -6.799429774406346993e+00
5.313500000000000000e+04 1.302551201442877371e+01 -7.857225445574696820e+00 -6.799168200722691680e+00
5.376600000000000000e+04 1.316397827082210092e+01 -7.857020775120799883e+00 -6.798837251596878239e+00
5.436000000000000000e+04 1.330239249328772289e+01 -7.856732132395710444e+00 -6.798468167929795136e+00
5.495000000000000000e+04 1.344016375912560335e+01 -7.856507670187093062e+00 -6.798339045424154570e+00
5.552900000000000000e+04 1.357849941472212407e+01 -7.856268460678325738e+00 -6.798094291787894150e+00
5.604800000000000000e+04 1.371643134110503759e+01 -7.856138926528736910e+00 -6.798364498058345085e+00
5.666800000000000000e+04 1.385461967885494161e+01 -7.855885317110296029e+00 -6.797812436671672565e+00
5.730500000000000000e+04 1.399244053694937051e+01 -7.855497085054980566e+00 -6.797298592205512691e+00
5.793700000000000000e+04 1.413027948915958376e+01 -7.855213552123489151e+00 -6.796915528686721331e+00
5.857100000000000000e+04 1.426819563110669442e+01 -7.854939034479581750e+00 -6.796624189001813754e+00
5.921100000000000000e+04 1.440602739135424315e+01 -7.854669656985526771e+00 -6.796171233960595082e+00
5.984900000000000000e+04 1.454376424584123839e+01 -7.854502471949697195e+00 -6.795974445704641376e+00
6.048600000000000000e+04 1.468159519467088892e+01 -7.854138085933501046e+00 -6.795921723174759954e+00
6.111500000000000000e+04 1.481963355633947543e+01 -7.853842842317373396e+00 -6.795490079631555602e+00
6.175400000000000000e+04 1.495763303637504649e+01 -7.853566988982581876e+00 -6.794885229542489746e+00
6.238600000000000000e+04 1.509545406387911903e+01 -7.853410193945712159e+00 -6.794517770388730504e+00
6.302100000000000000e+04 1.523319420999950857e+01 -7.853165615510549813e+00 -6.794351100144587541e+00
6.365500000000000000e+04 1.537107817828655243e+01 -7.852874037396770035e+00 -6.794337339793877106e+00
6.428800000000000000e+04 1.550902020997471276e+01 -7.852537570191734595e+00 -6.794230861854232195e+00
6.491800000000000000e+04 1.564695035331779138e+01 -7.852189543643322445e+00 -6.793760555280191404e+00
6.551900000000000000e+04 1.578492681026458655e+01 -7.851836435339088816e+00 -6.793455041204676803e+00
6.609000000000000000e+04 1.592281340413623347e+01 -7.851600941295299840e+00 -6.793322874134988254e+00
6.668400000000000000e+04 1.606075190166632183e+01 -7.851315198779489357e+00 -6.793077562411893311e+00
6.727000000000000000e+04 1.619889613800578587e+01 -7.851065084461157362e+00 -6.792731778733685388e+00
6.785800000000000000e+04 1.633678694744904902e+01 -7.850952798441532821e+00 -6.792823893253385314e+00
6.846800000000000000e+04 1.647454384439521391e+01 -7.850718554568727470e+00 -6.792642263726299312e+00
6.907600000000000000e+04 1.661250045471721393e+01 -7.850475604002343566e+00 -6.792815159012864257e+00
6.966400000000000000e+04 1.675040390637185794e+01 -7.850412954459809356e+00 -6.792702837564644547e+00
7.029500000000000000e+04 1.688859615166981953e+01 -7.850246582239490678e+00 -6.792567476244205871e+00
7.092500000000000000e+04 1.702647232274214417e+01 -7.850074281756878491e+00 -6.792730525534410368e+00
7.154600000000000000e+04 1.716424496610959238e+01 -7.849972232043893605e+00 -6.792707297672944122e+00
7.217900000000000000e+04 1.730206206997235441e+01 -7.849898159923180962e+00 -6.792954857358014742e+00
7.281500000000000000e+04 1.743997061411539562e+01 -7.849783132095361715e+00 -6.793431470708589437e+00
7.344800000000000000e+04 1.757800972772969317e+01 -7.849731795996046202e+00 -6.793535275951924746e+00
7.407400000000000000e+04 1.771587150580353054e+01 -7.849565410178621860e+00 -6.793500577284575570e+00
7.466000000000000000e+04 1.785374860472149194e+01 -7.849525276263056739e+00 -6.793230120976871511e+00
7.518500000000000000e+04 1.799186436500814068e+01 -7.849516943053156837e+00 -6.793251961057658939e+00
7.581500000000000000e+04 1.812975341551833708e+01 -7.849355828934353241e+00 -6.793549408046035687e+00
7.644700000000000000e+04 1.826755573524368970e+01 -7.849257426587137765e+00 -6.793509126016162192e+00
7.706700000000000000e+04 1.840548749387264138e+01 -7.849113989414838066e+00 -6.793577400019318979e+00
7.765200000000000000e+04 1.854543317443794592e+01 -7.849034896551372320e+00 -6.793811759834104791e+00
7.825800000000000000e+04 1.868324287361568992e+01 -7.848927876680350302e+00 -6.793936546935335663e+00
7.885600000000000000e+04 1.882129139330652023e+01 -7.848742314001357911e+00 -6.793652157891706622e+00
7.943900000000000000e+04 1.895964069690969112e+01 -7.848549094314739349e+00 -6.793848178739236410e+00
8.001300000000000000e+04 1.909739293555418627e+01 -7.848451314569019566e+00 -6.793744350941141263e+00
8.060800000000000000e+04 1.923571221305264345e+01 -7.848336497028906678e+00 -6.793280691622263667e+00
8.121500000000000000e+04 1.937362418194611990e+01 -7.848175853358888787e+00 -6.793473949848785054e+00
8.181200000000000000e+04 1.951163144250710957e+01 -7.847860836524833239e+00 -6.793071787492406699e+00
8.240200000000000000e+04 1.965005873494678212e+01 -7.847528309640605215e+00 -6.792805918262922127e+00
8.298800000000000000e+04 1.978799285855558310e+01 -7.847329078546826153e+00 -6.792735814967364227e+00
8.356700000000000000e+04 1.992641826609770561e+01 -7.847042153926945041e+00 -6.792475997531060905e+00
8.415800000000000000e+04 2.006560587916109384e+01 -7.846769691809959646e+00 -6.792267898436635143e+00
8.474800000000000000e+04 2.020384921054045435e+01 -7.846455311833613777e+00 -6.792029436176759027e+00
8.535100000000000000e+04 2.034170998500453109e+01 -7.846189298018532376e+00 -6.791696163469741698e+00
8.593500000000000000e+04 2.047973465608225752e+01 -7.845940572523394607e+00 -6.791328762303439959e+00
8.654200000000000000e+04 2.061783094690905571e+01 -7.845640319648402361e+00 -6.790760541336394063e+00
8.712500000000000000e+04 2.075691595051023697e+01 -7.845356107263899759e+00 -6.790661457893241604e+00
8.766500000000000000e+04 2.089607030583752589e+01 -7.845155965784404550e+00 -6.790521780015153830e+00
8.825100000000000000e+04 2.103405321273538675e+01 -7.844978133096801365e+00 -6.790216196493032541e+00
8.883100000000000000e+04 2.117264883445368895e+01 -7.844764452373008901e+00 -6.790170145663219081e+00
8.942100000000000000e+04 2.131127187914318455e+01 -7.844514933759417552e+00 -6.789746170000372061e+00
9.005000000000000000e+04 2.144904654774400754e+01 -7.844181771214359777e+00 -6.789417880106450198e+00
9.068200000000000000e+04 2.158703259083959836e+01 -7.843821153034588711e+00 -6.788994806322187436e+00
9.130600000000000000e+04 2.172476787361833672e+01 -7.843812172180774311e+00 -6.788667624749005647e+00
9.194300000000000000e+04 2.186260252720779818e+01 -7.843641972058257750e+00 -6.788546147797328345e+00
9.257200000000000000e+04 2.200030075331529034e+01 -7.843493234872719988e+00 -6.788613278844391807e+00
9.320900000000000000e+04 2.213823054360018716e+01 -7.843256646405616372e+00 -6.788224527675445152e+00
9.384100000000000000e+04 2.227618640555275675e+01 -7.842981481970642932e+00 -6.788004386508077914e+00
9.447500000000000000e+04 2.241403798249032775e+01 -7.842891937114389478e+00 -6.788013832649630430e+00
9.511300000000000000e+04 2.255193149718973444e+01 -7.842711493090291697e+00 -6.787895672260257918e+00
9.575200000000000000e+04 2.268994215190410557e+01 -7.842476773581543270e+00 -6.787655773409271731e+00
9.638500000000000000e+04 2.282773494415813076e+01 -7.842162601087459883e+00 -6.787498333489572211e+00
9.702500000000000000e+04 2.296560613605711154e+01 -7.842081970504310107e+00 -6.787217556865567936e+00
9.766500000000000000e+04 2.310346185578240252e+01 -7.842029601910455838e+00 -6.786613107269857004e+00
9.830100000000000000e+04 2.324127189662721449e+01 -7.841939163583664829e+00 -6.786571349945758946e+00
9.893000000000000000e+04 2.337919576439592717e+01 -7.841732929660846452e+00 -6.786314586563917395e+00
9.956900000000000000e+04 2.351710896611213641e+01 -7.841585945803045909e+00 -6.786481174056344656e+00
1.002070000000000000e+05 2.365506258772479242e+01 -7.841424658087089661e+00 -6.786564201045552913e+00
1.008430000000000000e+05 2.379303649193710868e+01 -7.841207721675390374e+00 -6.786159232631968408e+00
1.014430000000000000e+05 2.393088092161549341e+01 -7.841119620037884097e+00 -6.785905272416988154e+00
1.020790000000000000e+05 2.406876776582664945e+01 -7.841002328040017844e+00 -6.785863213965431129e+00
1.027140000000000000e+05 2.420748459776242711e+01 -7.840750055561096055e+00 -6.785775604896628010e+00
1.033290000000000000e+05 2.434532537221908655e+01 -7.840564979420564740e+00 -6.785856248360178533e+00
1.039310000000000000e+05 2.448395696083704465e+01 -7.840371566561014305e+00 -6.785577376087547741e+00
1.045460000000000000e+05 2.462185533357991218e+01 -7.840161810165668044e+00 -6.785409326739883618e+00
1.051620000000000000e+05 2.476079352445072601e+01 -7.840029495928652281e+00 -6.785426099180000392e+00
1.057840000000000000e+05 2.489879851500193197e+01 -7.839880935943108753e+00 -6.785151662872781486e+00
1.063830000000000000e+05 2.503843826525741179e+01 -7.839755422889899350e+00 -6.785137350047958371e+00
1.069630000000000000e+05 2.517675905439588746e+01 -7.839527636520168485e+00 -6.784696838371952587e+00
1.075560000000000000e+05 2.531458385580115689e+01 -7.839334392135725693e+00 -6.784724101558482268e+00
1.081590000000000000e+05 2.545281146334277267e+01 -7.839203663140508205e+00 -6.785185282811432295e+00
1.087300000000000000e+05 2.559068230582608194e+01 -7.839064801958211426e+00 -6.785251532499800398e+00
1.092640000000000000e+05 2.572898786577913555e+01 -7.838906552458762000e+00 -6.785138844284627879e+00
1.098990000000000000e+05 2.586698613723119067e+01 -7.838693576139365682e+00 -6.784790856283803961e+00
1.105050000000000000e+05 2.600499312943882302e+01 -7.838582303895718084e+00 -6.784463951067310816e+00
1.111030000000000000e+05 2.614349395884407912e+01 -7.838581100382024047e+00 -6.784224624961217032e+00
1.116830000000000000e+05 2.628196607106261951e+01 -7.838386909598712649e+00 -6.783973154111959225e+00
